3906.79614129 3906.79222195 3906.76393915 3906.68650573 3906.53513454
 3906.28503842 3905.9114302  3905.38952273 3904.69452884 3903.80166138
 3902.68613319 3901.3231571  3899.68794597 3897.75571262 3895.5016699
 3892.90103065 3889.9290077  3886.56081391 3882.77166211 3878.53676514
 3873.83133583 3868.63058704 3862.9097316  3856.64398236 3849.80855214
 3842.37865379 3834.32950016 3825.63630408 3816.2742784  3806.21863595
 3795.44458957 3783.92735211 3771.6421364  3758.56415528 3744.6686216
 3729.93726704 3714.38122642 3698.01992082 3680.87277177 3662.95920084
 3644.29862956 3624.91047947 3604.81417213 3584.02912907 3562.57477184
 3540.47052199 3517.73580106 3494.39003059 3470.45263214 3445.94302724
 3420.88063745 3395.28488429 3369.17518933 3342.5709741  3315.49166016
 3287.95666903 3259.98542228 3231.59734144 3202.81184806 3173.64836369
 3144.12630986 3114.26510813 3084.08418003 3053.60294712 3022.84083094
 2991.81725303 2960.55163494 2929.06339822 2897.3719644  2865.49675503
 2833.45719166 2801.27269584 2768.9626891  2736.54659299 2704.04382906
 2671.47311618 2638.84725718 2606.17609147 2573.46943629 2540.73710893
 2507.98892663 2475.23470667 2442.48426632 2409.74742283 2377.03399347
 2344.35379551 2311.7166462  2279.13236283 2246.61076264 2214.1616629
 2181.79488089 2149.52023385 2117.34753907 2085.2866138  2053.3472753
 2021.53934085 1989.8726277  1958.35695313 1927.00213439 1895.81798875
 1864.81433348 1834.00098583 1803.38776308 1772.98448249 1742.80096132
 1712.84701684 1683.13246631 1653.667127   1624.46081618 1595.5233511
 1566.86454903 1538.49422723 1510.42220298 1482.65829353 1455.21231615
 1428.09408811 1401.31342666 1374.88014908 1348.80407263 1323.09501457
 1297.76279217 1272.81722269 1248.26812339 1224.12531155 1200.39860443
 1177.09781928 1154.23277338 1131.81328399 1109.84916838 1088.3502438
 1067.32632753 1046.78723683 1026.74278896 1007.20280118  988.17709077
  969.67547499  951.7077711   934.28379636  917.41336805  901.10630342
  885.37241974  870.22153428  855.6634643   841.70802706  828.36503982
  815.64431987  803.55568445  792.10895083  781.31393628  771.17862915
  761.60637191  752.34116594  743.11363478  733.65440197  723.69409105
  712.96332556  701.22803574  688.47011617  674.75309087  660.1406362
  644.69642851  628.48414413  611.56745944  594.01005077  575.87559447
  557.2277669   538.1302444   518.64670333  498.84082003  478.77627085
  458.51673215  438.12588027  417.66739156  397.20494238  376.80220907
  356.52286799  336.43059547  316.58906788  297.06196156  277.91295286
  259.20571814  241.00393373  223.371276    206.37142129  190.06804595
  174.52482633  159.80532397  145.94876013  132.94004968  120.75675949
  109.37645644   98.77670739   88.93507921   79.82913877   71.43645295
   63.73458861   56.70111262   50.31359185   44.54959317   39.38668345
   34.80242957   30.77439838   27.28015676   24.29727158   21.8033097
   19.77583801   18.19242336   17.03063263   16.26803269   15.8821904
   15.85067264   16.15104628   16.76087818   17.65773521   18.81918425
   20.22279217   21.84612583   23.6667521    25.66223785   27.81014996
   30.08805529
