143629.3509246  143620.85991618 143595.65226338 143554.1260251
 143496.67926023 143423.71002767 143335.61638632 143232.79639507
 143115.64811283 142984.56959849 142839.95891094 142682.21410909
 142511.73325183 142328.91439805 142134.15560667 141927.85493656
 141710.41044664 141482.22019579 141243.68224292 140995.19464693
 140737.1554667  140469.96276114 140194.01458914 139909.7090096
 139617.44408142 139317.61760357 139010.52936326 138696.23428276
 138374.74967247 138046.0928428  137710.28110417 137367.33176699
 137017.26214166 136660.0895386  136295.83126821 135924.50464091
 135546.12696711 135160.71555721 134768.28772163 134368.86077077
 133962.45201505 133549.07876488 133128.75833066 132701.50802281
 132267.34515173 131826.28702785 131378.35096156 130923.55426327
 130461.91424341 129993.44821237 129518.17348056 129036.10735841
 128547.26715631 128051.67018468 127549.33375393 127040.27517447
 126524.5117567  126002.06081104 125472.9396479  124937.16557769
 124394.75591081 123845.72795768 123290.09902872 122727.88643432
 122159.1074849  121583.77949086 121001.91976263 120413.5456106
 119818.6743452  119217.32327682 118609.50971588 117995.25097279
 117374.56435796 116747.4671818  116113.97675472 115474.11038713
 114827.88538944 114175.31907205 113516.42874539 112851.23171986
 112179.74530587 111501.98681382 110817.97355414 110127.72283723
 109431.25197349 108728.57827335 108019.71904721 107304.69160548
 106583.51325857 105856.20131689 105122.77309085 104383.24589087
 103637.63702734 102885.96381068 102128.24355131 101364.49355963
 100594.73114605  99818.97362098  99037.23829483  98249.54247801
  97455.90348094  96656.33861401  95850.86518765  95039.50051226
  94222.26189826  93399.19323105  92570.53480193  91736.6149319
  90897.7623572   90054.30581405  89206.57403868  88354.89576733
  87499.59973622  86641.0146816   85779.46933968  84915.29244671
  84048.8127389   83180.3589525   82310.25982374  81438.84408884
  80566.44048404  79693.37774557  78819.98460966  77946.58981254
  77073.52209045  76201.1101796   75329.68281625  74459.56873661
  73591.09667692  72724.5953734   71860.3935623   70998.81997984
  70140.20336226  69284.87244577  68433.15596663  67585.38266105
  66741.88126527  65902.98051552  65069.00914803  64240.29589903
  63417.16950476  62599.95870144  61788.99222531  60984.5988126
  60187.10719953  59396.84612235  58614.14431728  57839.33052055
  57072.73346839  56314.68189704  55565.50454273  54825.53014169
  54095.08743014  53374.50514433  52664.11202048  51964.23679482
  51275.20820358  50597.354983    49931.00586931  49276.48959874
  48634.1281574   48003.79674451  47384.65288423  46775.78932854
  46176.29882943  45585.27413888  45001.80800888  44424.99319141
  43853.92243846  43287.688502    42725.38413404  42166.10208654
  41608.93511151  41052.97596091  40497.31738674  39941.05214098
  39383.27297561  38823.07264263  38259.54389401  37691.77948175
  37118.87215782  36539.91467421  35953.9997829   35360.22023588
  34757.66878514  34145.43818266  33522.62118043  32888.31053042
  32241.59898463  31581.57929504  30907.34421363  30217.9864924
  29512.59888331  28790.27413837  28050.10500955  27291.29213627
  26514.41996709  25721.03139978  24912.68853375  24090.95346843
  23257.38830322  22413.55513755  21561.01607083  20701.33320249
  19836.06863193  18966.78445858  18095.04278185  17222.40570116
  16350.43531593  15480.69372557  14614.7430295   13754.14532714
  12900.4627179   12055.25730121  11220.09117648  10396.52644312
   9586.12520056   8790.44954821   8011.06158549   7249.52341182
   6507.39712661
