4824.76866475 4824.66037147 4824.30967824 4823.67786499 4822.72621164
 4821.41599809 4819.70850428 4817.56501012 4814.94679552 4811.8151404
 4808.13132469 4803.8566283  4798.95233115 4793.37971315 4787.10005423
 4780.0746343  4772.26473328 4763.63163109 4754.13660765 4743.74094287
 4732.40591668 4720.09280899 4706.76289971 4692.37746877 4676.89969087
 4660.32910964 4642.69803235 4624.03993753 4604.38830369 4583.77660936
 4562.23833307 4539.80695332 4516.51594865 4492.39879758 4467.48897863
 4441.81997032 4415.42525118 4388.33829973 4360.59259448 4332.22161397
 4303.25883671 4273.73774123 4243.69180604 4213.15450968 4182.15933066
 4150.73974751 4118.92923875 4086.76128289 4054.26935847 4021.48694401
 3988.44751802 3955.18455903 3921.73154557 3888.12195615 3854.38926929
 3820.56696353 3786.68851737 3752.78740935 3718.89711799 3685.05112181
 3651.28289932 3617.62551965 3584.09786673 3550.70134072 3517.43626352
 3484.30295706 3451.30174326 3418.43294405 3385.69688135 3353.09387707
 3320.62425315 3288.28833149 3256.08643404 3224.0188827  3192.0859994
 3160.28810607 3128.62552462 3097.09857698 3065.70758506 3034.4528708
 3003.33475611 2972.35356291 2941.50961314 2910.8032287  2880.23473153
 2849.80444354 2819.51268666 2789.3597828  2759.3460539  2729.47182187
 2699.73740864 2670.14313613 2640.68932625 2611.37630094 2582.20438211
 2553.17389169 2524.2851516  2495.53848375 2466.93421009 2438.47265252
 2410.15413296 2381.97897335 2353.94749559 2326.06002163 2298.31687337
 2270.71837274 2243.26484165 2215.95660205 2188.79397584 2161.77728494
 2134.90685129 2108.1829968  2081.60604339 2055.17631299 2028.89412752
 2002.7598089  1976.77367905 1950.9360599  1925.24727337 1899.70764137
 1874.31748584 1849.0771287  1823.98689186 1799.04709725 1774.25806679
 1749.6201224  1725.13358601 1700.79877954 1676.6160249  1652.58564403
 1628.70795884 1604.98329126 1581.41196321 1557.99429661 1534.73061339
 1511.62123546 1488.66648474 1465.86668317 1443.22215266 1420.73321513
 1398.40019251 1376.22340672 1354.20317968 1332.33983331 1310.63368954
 1289.08507029 1267.69429747 1246.46169302 1225.38757885 1204.47227689
 1183.71610906 1163.11939728 1142.68246347 1122.40562956 1102.28921747
 1082.33354911 1062.53894642 1042.90573131 1023.43422571 1004.12475154
  984.97763072  965.99318517  947.17173682  928.51360758  910.01915401
  891.68902416  873.52401211  855.52491304  837.6925221   820.02763448
  802.53104535  785.20354987  768.04594321  751.05902056  734.24357706
  717.60040791  701.13030827  684.8340733   668.71249818  652.76637809
  636.99650818  621.40368364  605.98869963  590.75235133  575.69543389
  560.8187425   546.12307233  531.60921854  517.27797631  503.13014081
  489.1665072   475.38787066  461.79502637  448.38876948  435.16989517
  422.13919861  409.29747498  396.64551944  384.18412716  371.91409332
  359.83621308  347.95154476  336.26386327  324.77854617  313.50099173
  302.43659822  291.59076391  280.96888709  270.57636601  260.41859894
  250.50098417  240.82891997  231.40780459  222.24303633  213.34001344
  204.70413421  196.34079689  188.25539977  180.45334111  172.9400192
  165.72083229
