5.61350434e+19 5.61363729e+19 5.61401567e+19 5.61460884e+19
 5.61538612e+19 5.61631684e+19 5.61737034e+19 5.61851596e+19
 5.61972302e+19 5.62096086e+19 5.62219881e+19 5.62340622e+19
 5.62455240e+19 5.62560670e+19 5.62653845e+19 5.62731698e+19
 5.62791163e+19 5.62829173e+19 5.62842661e+19 5.62828561e+19
 5.62783806e+19 5.62705330e+19 5.62590066e+19 5.62434947e+19
 5.62236906e+19 5.61992878e+19 5.61699795e+19 5.61354591e+19
 5.60954199e+19 5.60495553e+19 5.59975715e+19 5.59393851e+19
 5.58750832e+19 5.58047579e+19 5.57285012e+19 5.56464052e+19
 5.55585619e+19 5.54650632e+19 5.53660014e+19 5.52614684e+19
 5.51515562e+19 5.50363570e+19 5.49159627e+19 5.47904654e+19
 5.46599571e+19 5.45245299e+19 5.43842758e+19 5.42392869e+19
 5.40896552e+19 5.39354727e+19 5.37768315e+19 5.36138237e+19
 5.34465412e+19 5.32750762e+19 5.30995206e+19 5.29199665e+19
 5.27365059e+19 5.25492310e+19 5.23582337e+19 5.21636060e+19
 5.19654401e+19 5.17638279e+19 5.15588615e+19 5.13506330e+19
 5.11392343e+19 5.09247576e+19 5.07072949e+19 5.04869382e+19
 5.02637795e+19 5.00379109e+19 4.98094245e+19 4.95784123e+19
 4.93449663e+19 4.91091785e+19 4.88711411e+19 4.86309461e+19
 4.83886854e+19 4.81444512e+19 4.78983354e+19 4.76504302e+19
 4.74008276e+19 4.71496195e+19 4.68968982e+19 4.66427555e+19
 4.63872836e+19 4.61305744e+19 4.58727201e+19 4.56138126e+19
 4.53539441e+19 4.50932065e+19 4.48316919e+19 4.45694924e+19
 4.43066999e+19 4.40434066e+19 4.37797044e+19 4.35156854e+19
 4.32514417e+19 4.29870653e+19 4.27226482e+19 4.24582825e+19
 4.21940603e+19 4.19300735e+19 4.16664142e+19 4.14031744e+19
 4.11404463e+19 4.08783218e+19 4.06168929e+19 4.03562518e+19
 4.00964905e+19 3.98377010e+19 3.95799753e+19 3.93234055e+19
 3.90680836e+19 3.88141018e+19 3.85615519e+19 3.83105261e+19
 3.80610653e+19 3.78130056e+19 3.75661321e+19 3.73202298e+19
 3.70750838e+19 3.68304791e+19 3.65862007e+19 3.63420337e+19
 3.60977632e+19 3.58531741e+19 3.56080515e+19 3.53621805e+19
 3.51153460e+19 3.48673332e+19 3.46179271e+19 3.43669126e+19
 3.41140749e+19 3.38591990e+19 3.36020699e+19 3.33424727e+19
 3.30801924e+19 3.28150140e+19 3.25467226e+19 3.22751033e+19
 3.19999410e+19 3.17210208e+19 3.14381278e+19 3.11510469e+19
 3.08595633e+19 3.05634619e+19 3.02625279e+19 2.99565462e+19
 2.96453019e+19 2.93285800e+19 2.90061655e+19 2.86778436e+19
 2.83433992e+19 2.80026174e+19 2.76552833e+19 2.73011818e+19
 2.69400980e+19 2.65718169e+19 2.61961236e+19 2.58129351e+19
 2.54226956e+19 2.50259814e+19 2.46233688e+19 2.42154340e+19
 2.38027533e+19 2.33859030e+19 2.29654592e+19 2.25419982e+19
 2.21160963e+19 2.16883298e+19 2.12592748e+19 2.08295077e+19
 2.03996046e+19 1.99701419e+19 1.95416958e+19 1.91148425e+19
 1.86901582e+19 1.82682193e+19 1.78496020e+19 1.74348826e+19
 1.70246372e+19 1.66194421e+19 1.62198736e+19 1.58265080e+19
 1.54399215e+19 1.50606903e+19 1.46893906e+19 1.43265989e+19
 1.39728912e+19 1.36288438e+19 1.32950330e+19 1.29720351e+19
 1.26603850e+19 1.23601609e+19 1.20711562e+19 1.17931603e+19
 1.15259624e+19 1.12693519e+19 1.10231180e+19 1.07870500e+19
 1.05609372e+19 1.03445688e+19 1.01377343e+19 9.94022270e+18
 9.75182347e+18 9.57232584e+18 9.40151910e+18 9.23919252e+18
 9.08513540e+18 8.93913702e+18 8.80098666e+18 8.67047360e+18
 8.54738712e+18 8.43151652e+18 8.32265107e+18 8.22058005e+18
 8.12509276e+18 8.03597847e+18 7.95302646e+18 7.87602603e+18
 7.80476645e+18
