# Wallfile automatically generated by script
1
#
484
#
1.017300 0.000000
1.017332 0.017436
1.017363 0.034873
1.017395 0.052309
1.017426 0.069745
1.017458 0.087181
1.017489 0.104618
1.017521 0.122054
1.017553 0.139490
1.017584 0.156926
1.017616 0.174362
1.017647 0.191799
1.017679 0.209235
1.017710 0.226671
1.017742 0.244107
1.017773 0.261544
1.017805 0.278980
1.017837 0.296416
1.017868 0.313852
1.017900 0.331289
1.017931 0.348725
1.017963 0.366161
1.017994 0.383597
1.018026 0.401034
1.018058 0.418470
1.018089 0.435906
1.018121 0.453342
1.018152 0.470779
1.018184 0.488215
1.018215 0.505651
1.018247 0.523087
1.018278 0.540524
1.018310 0.557960
1.018342 0.575396
1.018373 0.592832
1.018405 0.610269
1.018436 0.627705
1.018468 0.645141
1.018499 0.662578
1.018531 0.680014
1.018563 0.697450
1.018594 0.714886
1.018626 0.732323
1.018657 0.749759
1.018689 0.767195
1.018720 0.784631
1.018752 0.802068
1.018783 0.819504
1.018815 0.836940
1.018847 0.854376
1.018878 0.871813
1.018910 0.889249
1.018941 0.906685
1.018973 0.924121
1.019004 0.941558
1.019036 0.958994
1.019068 0.976430
1.019099 0.993866
1.019131 1.011303
1.019162 1.028739
1.019194 1.046175
1.019225 1.063611
1.019257 1.081048
1.019288 1.098484
1.017284 1.114543
1.015279 1.130602
1.013275 1.146661
1.010518 1.163093
1.007762 1.179525
1.005006 1.195958
1.015703 1.204174
1.020520 1.194110
1.025337 1.184047
1.030153 1.173983
1.038430 1.162360
1.049825 1.162960
1.062106 1.163695
1.074388 1.164430
1.086669 1.165165
1.099537 1.165934
1.112404 1.166702
1.125272 1.167471
1.143596 1.170966
1.155217 1.174972
1.166838 1.178978
1.178459 1.182984
1.194295 1.192417
1.203426 1.200560
1.212557 1.208703
1.221689 1.216847
1.230539 1.227743
1.238174 1.242393
1.245810 1.257042
1.253445 1.271691
1.260274 1.287276
1.267102 1.302860
1.273931 1.318445
1.277346 1.333278
1.290664 1.336986
1.303983 1.340694
1.317301 1.344402
1.330074 1.344788
1.342846 1.345174
1.355618 1.345560
1.368391 1.345946
1.381163 1.346332
1.393935 1.346718
1.406708 1.347104
1.413094 1.328737
1.396512 1.319833
1.385311 1.313362
1.380836 1.301044
1.376360 1.288726
1.371885 1.276408
1.370886 1.263923
1.369888 1.251439
1.368889 1.238954
1.369749 1.227906
1.370609 1.216857
1.371470 1.205809
1.375705 1.195479
1.379940 1.185149
1.384175 1.174820
1.393197 1.166055
1.404394 1.161262
1.415137 1.162011
1.431068 1.172006
1.445301 1.183754
1.459534 1.195503
1.473767 1.207251
1.484884 1.217626
1.491100 1.213490
1.492078 1.200545
1.493055 1.187600
1.494032 1.174655
1.489937 1.161559
1.485841 1.148462
1.481746 1.135366
1.481690 1.115920
1.491050 1.112750
1.510235 1.108790
1.521709 1.106826
1.533184 1.104862
1.544658 1.102899
1.556132 1.100935
1.567607 1.098971
1.579081 1.097007
1.590556 1.095044
1.603252 1.088835
1.615948 1.082627
1.628644 1.076418
1.646870 1.078460
1.663936 1.077664
1.681003 1.076867
1.698069 1.076071
1.715135 1.075275
1.732201 1.074479
1.749268 1.073682
1.766334 1.072886
1.783762 1.070774
1.801190 1.068662
1.818617 1.066549
1.836045 1.064437
1.853473 1.062325
1.870901 1.060213
1.888329 1.058100
1.905757 1.055988
1.923185 1.053876
1.940613 1.051764
1.958041 1.049651
1.975468 1.047539
1.992896 1.045427
2.010324 1.043315
2.027752 1.041202
2.041901 1.042211
2.058033 1.031591
2.074166 1.020971
2.090298 1.010350
2.089722 0.992715
2.089146 0.975079
2.088570 0.957444
2.087994 0.939808
2.087418 0.922173
2.086842 0.904537
2.086266 0.886902
2.090514 0.875408
2.094762 0.863915
2.099011 0.852421
2.103259 0.840928
2.107507 0.829434
2.111755 0.817941
2.116004 0.806448
2.120252 0.794954
2.124500 0.783461
2.128748 0.771967
2.132997 0.760474
2.137245 0.748980
2.141493 0.737487
2.145741 0.725994
2.149990 0.714500
2.154238 0.703007
2.158486 0.691513
2.162734 0.680020
2.166983 0.668526
2.171231 0.657033
2.175479 0.645540
2.179727 0.634046
2.183976 0.622553
2.188224 0.611059
2.192472 0.599566
2.196720 0.588073
2.200969 0.576579
2.205217 0.565086
2.209465 0.553592
2.213713 0.542099
2.217962 0.530605
2.221085 0.520359
2.224209 0.510112
2.227332 0.499865
2.230456 0.489618
2.233579 0.479371
2.236703 0.469125
2.239826 0.458878
2.243702 0.447740
2.247577 0.436603
2.251452 0.425465
2.255327 0.414328
2.259203 0.403190
2.263078 0.392053
2.266953 0.380915
2.270828 0.369777
2.274703 0.358640
2.278579 0.347502
2.282454 0.336365
2.286329 0.325227
2.290204 0.314090
2.294080 0.302952
2.297955 0.291815
2.311510 0.279680
2.317043 0.264593
2.322575 0.249505
2.328108 0.234418
2.340120 0.219873
2.343285 0.209271
2.343909 0.191023
2.344534 0.172775
2.345158 0.154527
2.345783 0.136279
2.346407 0.118032
2.347031 0.099784
2.347656 0.081536
2.349378 0.061810
2.349309 0.042023
2.349241 0.022237
2.349172 0.002450
2.349103 -0.017337
2.349035 -0.037123
2.348966 -0.056910
2.348898 -0.076697
2.348829 -0.096483
2.348760 -0.116270
2.348692 -0.136056
2.348623 -0.155843
2.348554 -0.175630
2.348486 -0.195416
2.348417 -0.215203
2.348349 -0.234989
2.347399 -0.253854
2.347052 -0.273474
2.346704 -0.293095
2.346357 -0.312715
2.346010 -0.332336
2.345662 -0.351956
2.345315 -0.371577
2.344967 -0.391197
2.348034 -0.405901
2.341269 -0.423301
2.334504 -0.440700
2.327740 -0.458100
2.320975 -0.475500
2.314211 -0.492900
2.307446 -0.510300
2.300681 -0.527700
2.293917 -0.545099
2.287152 -0.562499
2.280388 -0.579899
2.273623 -0.597299
2.266858 -0.614699
2.260094 -0.632099
2.253329 -0.649498
2.246565 -0.666898
2.234947 -0.675598
2.228840 -0.685249
2.222734 -0.694900
2.216627 -0.704551
2.214903 -0.718619
2.210802 -0.736256
2.200210 -0.735950
2.193885 -0.753620
2.193882 -0.771698
2.190035 -0.782581
2.186188 -0.793463
2.182341 -0.804346
2.178494 -0.815228
2.174647 -0.826111
2.170800 -0.836993
2.166953 -0.847876
2.163106 -0.858758
2.159259 -0.869641
2.155412 -0.880523
2.151565 -0.891406
2.147718 -0.902288
2.143871 -0.913171
2.140024 -0.924053
2.136177 -0.934936
2.125170 -0.941936
2.114163 -0.948936
2.103156 -0.955937
2.092149 -0.962937
2.081142 -0.969938
2.070134 -0.976938
2.059127 -0.983939
2.048120 -0.990939
2.037113 -0.997940
2.026106 -1.004940
2.015099 -1.011940
2.004092 -1.018941
1.993085 -1.025941
1.982078 -1.032942
1.971071 -1.039942
1.960064 -1.046943
1.949056 -1.053943
1.938049 -1.060944
1.927042 -1.067944
1.916035 -1.074945
1.905028 -1.081945
1.894021 -1.088945
1.883014 -1.095946
1.872007 -1.102946
1.861000 -1.109947
1.849993 -1.116947
1.838985 -1.123948
1.827978 -1.130948
1.816971 -1.137949
1.805964 -1.144949
1.794957 -1.151950
1.788736 -1.162951
1.782515 -1.173952
1.776294 -1.184953
1.770074 -1.195955
1.763853 -1.206956
1.757632 -1.217957
1.751411 -1.228959
1.746870 -1.240480
1.745790 -1.243800
1.733216 -1.243925
1.720642 -1.244050
1.708069 -1.244175
1.695495 -1.244300
1.682921 -1.244425
1.670347 -1.244550
1.657774 -1.244675
1.641736 -1.244681
1.625698 -1.244687
1.609661 -1.244693
1.593623 -1.244699
1.577585 -1.244705
1.561547 -1.244711
1.545510 -1.244717
1.529472 -1.244723
1.513434 -1.244728
1.497396 -1.244734
1.481359 -1.244740
1.465321 -1.244746
1.449283 -1.244752
1.433245 -1.244758
1.417208 -1.244764
1.401399 -1.246487
1.388149 -1.252409
1.378845 -1.260909
1.368240 -1.275550
1.368330 -1.287280
1.368420 -1.299010
1.368510 -1.310740
1.372560 -1.324700
1.386345 -1.324700
1.400130 -1.324700
1.413915 -1.324700
1.420807 -1.341260
1.404788 -1.342365
1.388769 -1.343470
1.372750 -1.344575
1.356731 -1.345680
1.340711 -1.346785
1.324692 -1.347890
1.308673 -1.348995
1.292654 -1.350100
1.276635 -1.351205
1.260615 -1.352310
1.244596 -1.353415
1.228577 -1.354520
1.212558 -1.355625
1.196538 -1.356730
1.180519 -1.357835
1.170254 -1.349095
1.159988 -1.340356
1.149722 -1.331616
1.139457 -1.322876
1.129191 -1.314137
1.118926 -1.305397
1.108660 -1.296657
1.098395 -1.287917
1.088129 -1.279178
1.077863 -1.270438
1.067598 -1.261698
1.057332 -1.252959
1.047067 -1.244219
1.036801 -1.235479
1.026536 -1.226740
1.017500 -1.217000
1.017497 -1.198000
1.017494 -1.179000
1.017491 -1.160000
1.017487 -1.141000
1.017484 -1.122000
1.017481 -1.103000
1.017478 -1.084000
1.017475 -1.065000
1.017472 -1.046000
1.017469 -1.027000
1.017466 -1.008000
1.017462 -0.989000
1.017459 -0.970000
1.017456 -0.951000
1.017453 -0.932000
1.017450 -0.913000
1.017447 -0.894000
1.017444 -0.875000
1.017441 -0.856000
1.017437 -0.837000
1.017434 -0.818000
1.017431 -0.799000
1.017428 -0.780000
1.017425 -0.761000
1.017422 -0.742000
1.017419 -0.723000
1.017416 -0.704000
1.017412 -0.685000
1.017409 -0.666000
1.017406 -0.647000
1.017403 -0.628000
1.017400 -0.609000
1.017397 -0.590000
1.017394 -0.571000
1.017391 -0.552000
1.017387 -0.533000
1.017384 -0.514000
1.017381 -0.495000
1.017378 -0.476000
1.017375 -0.457000
1.017372 -0.438000
1.017369 -0.419000
1.017366 -0.400000
1.017362 -0.381000
1.017359 -0.362000
1.017356 -0.343000
1.017353 -0.324000
1.017350 -0.305000
1.017347 -0.286000
1.017344 -0.267000
1.017341 -0.248000
1.017337 -0.229000
1.017334 -0.210000
1.017331 -0.191000
1.017328 -0.172000
1.017325 -0.153000
1.017322 -0.134000
1.017319 -0.115000
1.017316 -0.096000
1.017312 -0.077000
1.017309 -0.058000
1.017306 -0.039000
1.017303 -0.020000
1.017302 -0.010000
